%YAML:1.0
---
CameraExtrinsicMat: !!opencv-matrix
   rows: 4
   cols: 4
   dt: d
   data: [ -5.2211260849206187e-02, 5.1777515662278395e-02,
       9.9729287228595909e-01, 1.3968158960342407e+00,
       -9.9860582412024335e-01, -1.0478373454759882e-02,
       -5.1735980930800340e-02, 1.2236014604568481e+00,
       7.7712465966345845e-03, -9.9860367141403239e-01,
       5.2252417788550165e-02, 5.8108311891555786e-01, 0., 0., 0., 1. ]
CameraMat: !!opencv-matrix
   rows: 3
   cols: 3
   dt: d
   data: [ 4.7843996939029438e+02, 0., 3.9869492999546924e+02, 0.,
       4.7856262899493805e+02, 4.0239356484772429e+02, 0., 0., 1. ]
DistCoeff: !!opencv-matrix
   rows: 1
   cols: 5
   dt: d
   data: [ 6.7265290294873797e-03, -1.3888560615090721e-02,
       2.3691843794437320e-04, 4.4811327455053133e-05,
       8.2532809281935376e-03 ]
ImageSize: [ 800, 800 ]
ReprojectionError: 0
DistModel: plumb_bob
